130  1    1.0
200  1    1.457
200  70    0.567
300  1    1.870
300  100    1.031
300  170    0.210
400  1    3.074
400  100    1.944
400  200    0.554
400  270    0.039
500  1    2.390
500  100    2.071
500  200    0.942
500  300    0.254
500  370    0.019
600  1    2.140
600  100    2.078
600  200    1.280
600  300    0.660
600  400    0.125
600  470    0.007
700  1    1.672
700  100    1.584
700  200    1.244
700  300    0.826
700  400    0.372
700  500    0.075
700  570    0.002
800  1    1.110
800  100    0.817
800  200    0.975
800  300    0.830
800  400    0.493
800  500    0.200
800  600    0.034
800  670    0.001
900  1    0.708
900  100    0.651
900  200    0.482
900  300    0.444
900  400    0.475
900  500    0.300
900  600    0.114
900  700    0.017
900  770    0.000
1000  1    0.404
1000  100    0.414
1000  200    0.415
1000  300    0.317
1000  400    0.294
1000  500    0.291
1000  600    0.191
1000  700    0.066
1000  800    0.009
1000  870    0.000
