130  1    1.0
200  1    1.332
200  70    0.311
300  1    1.242
300  100    0.550
300  170    0.061
400  1    1.676
400  100    1.069
400  200    0.380
400  270    0.015
500  1    1.940
500  100    1.648
500  200    0.770
500  300    0.154
500  370    0.016
600  1    1.727
600  100    1.470
600  200    1.018
600  300    0.534
600  400    0.082
600  470    0.013
700  1    1.251
700  100    1.150
700  200    1.015
700  300    0.681
700  400    0.293
700  500    0.038
700  570    0.001
800  1    0.844
800  100    0.737
800  200    0.711
800  300    0.612
800  400    0.409
800  500    0.171
800  600    0.023
800  670    0.000
900  1    0.501
900  100    0.522
900  200    0.464
900  300    0.416
900  400    0.333
900  500    0.236
900  600    0.081
900  700    0.012
900  770    0.000
1000  1    0.340
1000  100    0.337
1000  200    0.350
1000  300    0.305
1000  400    0.252
1000  500    0.208
1000  600    0.135
1000  700    0.054
1000  800    0.007
1000  870    0.000
