130  1    3.0
200  1    4.325
200  70    1.164
300  1    3.910
300  100    2.065
300  170    0.233
400  1    5.251
400  100    3.218
400  200    1.058
400  270    0.089
500  1    5.918
500  100    5.172
500  200    2.107
500  300    0.460
500  370    0.040
600  1    5.523
600  100    5.072
600  200    3.355
600  300    1.531
600  400    0.242
600  470    0.020
700  1    3.990
700  100    3.762
700  200    3.320
700  300    2.142
700  400    0.841
700  500    0.132
700  570    0.003
800  1    2.743
800  100    2.512
800  200    2.285
800  300    1.915
800  400    1.264
800  500    0.456
800  600    0.067
800  670    0.001
900  1    1.787
900  100    1.719
900  200    1.560
900  300    1.392
900  400    1.066
900  500    0.708
900  600    0.257
900  700    0.033
900  770    0.001
1000  1    1.144
1000  100    1.161
1000  200    1.163
1000  300    1.051
1000  400    0.829
1000  500    0.709
1000  600    0.432
1000  700    0.157
1000  800    0.018
1000  870    0.001
