130  1    1.5
200  1    2.353
200  70    0.627
300  1    2.105
300  100    1.727
300  170    0.125
400  1    4.311
400  100    2.225
400  200    0.615
400  270    0.048
500  1    4.951
500  100    4.327
500  200    1.763
500  300    0.248
500  370    0.022
600  1    4.620
600  100    4.243
600  200    2.807
600  300    1.280
600  400    0.148
600  470    0.019
700  1    3.405
700  100    3.147
700  200    2.778
700  300    1.792
700  400    0.703
700  500    0.076
700  570    0.002
800  1    2.684
800  100    2.457
800  200    2.235
800  300    1.657
800  400    1.057
800  500    0.381
800  600    0.040
800  670    0.001
900  1    1.748
900  100    1.682
900  200    1.526
900  300    1.362
900  400    0.906
900  500    0.592
900  600    0.215
900  700    0.020
900  770    0.001
1000  1    1.119
1000  100    1.136
1000  200    1.137
1000  300    1.028
1000  400    0.811
1000  500    0.649
1000  600    0.362
1000  700    0.132
1000  800    0.010
1000  870    0.001
