130  1    3.2
200  1    4.079
200  70    0.879
300  1    3.224
300  100    2.764
300  170    0.142
400  1    6.897
400  100    3.559
400  200    0.756
400  270    0.074
500  1    7.921
500  100    6.923
500  200    2.821
500  300    0.291
500  370    0.025
600  1    7.824
600  100    6.789
600  200    4.490
600  300    2.049
600  400    0.236
600  470    0.036
700  1    6.526
700  100    5.820
700  200    5.045
700  300    2.867
700  400    1.125
700  500    0.095
700  570    0.002
800  1    5.144
800  100    4.710
800  200    4.284
800  300    3.177
800  400    1.692
800  500    0.610
800  600    0.053
800  670    0.001
900  1    3.351
900  100    3.224
900  200    2.926
900  300    2.610
900  400    1.737
900  500    0.947
900  600    0.343
900  700    0.025
900  770    0.001
1000  1    2.145
1000  100    2.178
1000  200    2.180
1000  300    1.970
1000  400    1.554
1000  500    1.245
1000  600    0.624
1000  700    0.211
1000  800    0.014
1000  870    0.003
