130  1    2.0
200  1    4.707
200  70    1.254
300  1    4.209
300  100    3.455
300  170    0.250
400  1    8.621
400  100    4.449
400  200    1.229
400  270    0.096
500  1    9.901
500  100    8.654
500  200    3.526
500  300    0.496
500  370    0.044
600  1    9.241
600  100    8.486
600  200    5.613
600  300    2.561
600  400    0.295
600  470    0.037
700  1    6.809
700  100    6.294
700  200    5.555
700  300    3.584
700  400    1.407
700  500    0.152
700  570    0.003
800  1    5.368
800  100    4.915
800  200    4.470
800  300    3.315
800  400    2.115
800  500    0.763
800  600    0.080
800  670    0.001
900  1    3.497
900  100    3.364
900  200    3.053
900  300    2.723
900  400    1.812
900  500    1.184
900  600    0.429
900  700    0.041
900  770    0.001
1000  1    2.238
1000  100    2.272
1000  200    2.275
1000  300    2.055
1000  400    1.622
1000  500    1.299
1000  600    0.723
1000  700    0.263
1000  800    0.020
1000  870    0.003
