130  1    1.1
200  1    2.171
200  70    0.675
300  1    2.786
300  100    1.536
300  170    0.312
400  1    3.655
400  100    2.311
400  200    0.826
400  270    0.059
500  1    2.651
500  100    2.463
500  200    1.120
500  300    0.378
500  370    0.028
600  1    2.181
600  100    2.117
600  200    1.454
600  300    0.784
600  400    0.186
600  470    0.011
700  1    1.705
700  100    1.614
700  200    1.268
700  300    0.842
700  400    0.442
700  500    0.111
700  570    0.003
800  1    1.131
800  100    0.833
800  200    0.994
800  300    0.846
800  400    0.502
800  500    0.238
800  600    0.051
800  670    0.001
900  1    0.722
900  100    0.664
900  200    0.491
900  300    0.452
900  400    0.485
900  500    0.306
900  600    0.136
900  700    0.026
900  770    0.001
1000  1    0.411
1000  100    0.422
1000  200    0.423
1000  300    0.323
1000  400    0.300
1000  500    0.297
1000  600    0.195
1000  700    0.078
1000  800    0.014
1000  870    0.000
