130  1    1.0
200  1    1.763
200  70    0.769
300  1    2.388
300  100    1.230
300  170    0.144
400  1    3.856
400  100    2.615
400  200    0.621
500  1    3.915
500  100    3.216
500  200    1.321
500  300    0.207
600  1    3.583
600  100    3.497
600  200    2.313
600  300    1.011
600  400    0.038
700  1    2.920
700  100    2.787
700  200    2.256
700  300    1.535
700  400    0.461
800  1    2.032
800  100    1.519
800  200    1.802
800  300    1.542
800  400    0.894
800  500    0.203
900  1    1.317
900  100    1.208
900  200    0.872
900  300    0.793
900  400    0.859
900  500    0.486
900  600    0.031
1000  1    0.709
1000  100    0.730
1000  200    0.733
1000  300    0.522
1000  400    0.472
1000  500    0.465
1000  600    0.239
