130  1    4.0
200  1    6.867
200  70    1.892
300  1    6.054
300  100    5.326
300  170    0.310
400  1    10.938
400  100    6.562
400  200    1.813
400  270    0.088
500  1    12.097
500  100    10.968
500  200    5.418
500  300    0.684
600  1    11.508
600  100    10.812
600  200    7.896
600  300    4.122
600  400    0.476
700  1    9.743
700  100    8.958
700  200    8.052
700  300    5.493
700  400    2.395
700  500    0.167
800  1    8.170
800  100    7.643
800  200    7.108
800  300    5.618
800  400    3.481
800  500    1.321
800  600    0.049
900  1    5.863
900  100    5.684
900  200    5.256
900  300    4.786
900  400    3.387
900  500    2.035
900  600    0.724
1000  1    4.061
1000  100    4.114
1000  200    4.118
1000  300    3.777
1000  400    3.071
1000  500    2.514
1000  600    1.291
1000  700    0.415
