130  1    5.0
200  1    5.497
200  70    1.170
300  1    5.5
300  100    3.393
300  170    0.035
400  1    6.884
400  100    4.173
400  200    0.979
500  1    7.593
500  100    6.903
500  200    3.451
500  300    0.252
600  1    8.722
600  100    7.093
600  200    5.007
600  300    2.623
600  400    0.220
700  1    7.705
700  100    7.113
700  200    6.424
700  300    3.603
700  400    1.502
800  1    6.515
800  100    6.112
800  200    5.701
800  300    4.543
800  400    2.468
800  500    0.790
900  1    4.735
900  100    4.595
900  200    4.259
900  300    3.888
900  400    2.767
900  500    1.522
900  600    0.389
1000  1    3.310
1000  100    3.353
1000  200    3.356
1000  300    3.082
1000  400    2.510
1000  500    2.055
1000  600    1.036
1000  700    0.179
