130  1    4.0
200  1    5.626
200  70    1.704
300  1    5.167
300  100    3.639
300  170    0.295
400  1    7.722
400  100    4.645
400  200    1.587
400  270    0.063
500  1    8.584
500  100    7.745
500  200    3.705
500  300    0.654
600  1    8.145
600  100    7.629
600  200    5.490
600  300    2.786
600  400    0.323
700  1    6.317
700  100    6.025
700  200    5.443
700  300    3.758
700  400    1.580
700  500    0.134
800  1    4.991
800  100    4.654
800  200    4.313
800  300    3.406
800  400    2.335
800  500    0.840
800  600    0.031
900  1    3.523
900  100    3.410
900  200    3.140
900  300    2.844
900  400    1.988
900  500    1.331
900  600    0.434
1000  1    2.389
1000  100    2.422
1000  200    2.425
1000  300    2.211
1000  400    1.770
1000  500    1.424
1000  600    0.793
1000  700    0.224
