130  1    3.0
200  1    3.891
200  70    0.942
300  1    3.333
300  100    2.898
300  170    0.115
400  1    6.395
400  100    3.641
400  200    0.900
500  1    7.150
500  100    6.415
500  200    2.952
500  300    0.306
600  1    6.765
600  100    6.314
600  200    4.463
600  300    2.192
600  400    0.195
700  1    5.739
700  100    5.233
700  200    4.654
700  300    2.997
700  400    1.217
700  500    0.042
800  1    4.729
800  100    4.394
800  200    4.057
800  300    3.131
800  400    1.824
800  500    0.636
900  1    3.282
900  100    3.172
900  200    2.909
900  300    2.625
900  400    1.792
900  500    1.020
900  600    0.323
1000  1    2.190
1000  100    2.221
1000  200    2.224
1000  300    2.021
1000  400    1.608
1000  500    1.288
1000  600    0.607
1000  700    0.164
