130  1    3.0
200  1    3.238
200  70    1.206
300  1    4.048
300  100    2.351
300  170    0.451
400  1    5.720
400  100    3.871
400  200    1.282
400  270    0.017
500  1    4.486
500  100    4.092
500  200    1.991
500  300    0.561
600  1    4.097
600  100    3.997
600  200    2.632
600  300    1.405
600  400    0.236
700  1    3.327
700  100    3.174
700  200    2.566
700  300    1.752
700  400    0.774
700  500    0.109
800  1    2.312
800  100    1.733
800  200    2.052
800  300    1.759
800  400    1.037
800  500    0.380
800  600    0.004
900  1    1.508
900  100    1.386
900  200    1.013
900  300    0.926
900  400    0.998
900  500    0.588
900  600    0.177
1000  1    0.833
1000  100    0.856
1000  200    0.859
1000  300    0.628
1000  400    0.573
1000  500    0.565
1000  600    0.318
1000  700    0.061
