130  1    2.5
200  1    2.079
200  70    0.484
300  1    1.944
300  100    0.957
300  170    0.017
400  1    2.965
400  100    1.680
400  200    0.572
500  1    3.460
500  100    2.991
500  200    1.453
500  300    0.185
600  1    3.121
600  100    2.696
600  200    1.911
600  300    1.000
600  400    0.060
700  1    2.323
700  100    2.145
700  200    1.905
700  300    1.286
700  400    0.513
800  1    1.754
800  100    1.536
800  200    1.483
800  300    1.151
800  400    0.750
800  500    0.256
900  1    1.033
900  100    1.078
900  200    0.949
900  300    0.841
900  400    0.595
900  500    0.394
900  600    0.063
1000  1    0.665
1000  100    0.657
1000  200    0.688
1000  300    0.583
1000  400    0.456
1000  500    0.334
1000  600    0.179
1000  700    0.003
